50 5 3 20 

1 90 72 1 
2 75 34 10 
3 30 55 6 
4 43 23 6 
5 48 85 3 
6 63 98 2 
7 95 29 1 
8 63 90 3 
9 71 31 10 
10 43 94 6 
11 62 46 2 
12 40 85 8 
13 92 85 3 
14 6 35 2 
15 12 30 10 
16 55 44 9 
17 30 50 8 
18 84 90 4 
19 24 28 4 
20 13 3 9 
21 4 34 3 
22 30 2 7 
23 22 29 10 
24 53 54 2 
25 88 85 6 
26 30 17 6 
27 78 84 10 
28 11 92 6 
29 83 47 3 
30 67 47 7 
31 17 81 8 
32 11 63 4 
33 33 46 1 
34 32 57 10 
35 78 56 8 
36 58 71 1 
37 44 93 9 
38 63 38 1 
39 17 99 7 
40 58 56 7 
41 95 72 5 
42 7 78 9 
43 20 27 1 
44 60 12 6 
45 45 31 7 
46 88 5 9 
47 0 18 8 
48 88 32 9 
49 17 31 1 
50 31 96 2 
51 84 26 
52 93 0 
53 83 33 
54 11 88 
55 27 30 
